(tensor([[    0, 15622,  2167,  ...,     1,     1,     1],
        [    0,   133, 12319,  ...,     1,     1,     1],
        [    0,  1121,  1285,  ...,     1,     1,     1],
        [    0,  4688,  2319,  ...,     1,     1,     1]]), tensor([[1, 1, 1,  ..., 0, 0, 0],
        [1, 1, 1,  ..., 0, 0, 0],
        [1, 1, 1,  ..., 0, 0, 0],
        [1, 1, 1,  ..., 0, 0, 0]]), None, None, tensor([[    0, 12501,  3320,   386,     6,  1802,   962,    23,   317,    31,
          1131, 25268,     6,   848,    30,  7844,  2156,  1397,     2,     1,
             1,     1,     1,     1,     1,     1,     1,     1,     1,     1,
             1,     1,     1,     1,     1,     1,     1,     1,     1,     1,
             1,     1,     1,     1,     1,     1,     1,     1,     1,     1,
             1,     1,     1,     1,     1,     1,     1,     1,     1,     1,
             1,     1,     1,     1],
        [    0, 12501,  3320,   386,     6, 12082,  4487,  1002,   634, 10320,
            23,   317,  2156,  1397,     2,     1,     1,     1,     1,     1,
             1,     1,     1,     1,     1,     1,     1,     1,     1,     1,
             1,     1,     1,     1,     1,     1,     1,     1,     1,     1,
             1,     1,     1,     1,     1,     1,     1,     1,     1,     1,
             1,     1,     1,     1,     1,     1,     1,     1,     1,     1,
             1,     1,     1,     1],
        [    0, 12501,  3320,   386,     6,  6679,  2736,  1984,    11,   317,
          2156,  1397,     2,     1,     1,     1,     1,     1,     1,     1,
             1,     1,     1,     1,     1,     1,     1,     1,     1,     1,
             1,     1,     1,     1,     1,     1,     1,     1,     1,     1,
             1,     1,     1,     1,     1,     1,     1,     1,     1,     1,
             1,     1,     1,     1,     1,     1,     1,     1,     1,     1,
             1,     1,     1,     1],
        [    0, 12501,  3320,   386,     6,  3363,   254, 19057,     7, 13160,
            23,   317,  2156,  1397,     2,     1,     1,     1,     1,     1,
             1,     1,     1,     1,     1,     1,     1,     1,     1,     1,
             1,     1,     1,     1,     1,     1,     1,     1,     1,     1,
             1,     1,     1,     1,     1,     1,     1,     1,     1,     1,
             1,     1,     1,     1,     1,     1,     1,     1,     1,     1,
             1,     1,     1,     1]]), tensor([[1, 1, 1, 1, 1, 1, 1, 1, 1, 1, 1, 1, 1, 1, 1, 1, 1, 1, 1, 0, 0, 0, 0, 0,
         0, 0, 0, 0, 0, 0, 0, 0, 0, 0, 0, 0, 0, 0, 0, 0, 0, 0, 0, 0, 0, 0, 0, 0,
         0, 0, 0, 0, 0, 0, 0, 0, 0, 0, 0, 0, 0, 0, 0, 0],
        [1, 1, 1, 1, 1, 1, 1, 1, 1, 1, 1, 1, 1, 1, 1, 0, 0, 0, 0, 0, 0, 0, 0, 0,
         0, 0, 0, 0, 0, 0, 0, 0, 0, 0, 0, 0, 0, 0, 0, 0, 0, 0, 0, 0, 0, 0, 0, 0,
         0, 0, 0, 0, 0, 0, 0, 0, 0, 0, 0, 0, 0, 0, 0, 0],
        [1, 1, 1, 1, 1, 1, 1, 1, 1, 1, 1, 1, 1, 0, 0, 0, 0, 0, 0, 0, 0, 0, 0, 0,
         0, 0, 0, 0, 0, 0, 0, 0, 0, 0, 0, 0, 0, 0, 0, 0, 0, 0, 0, 0, 0, 0, 0, 0,
         0, 0, 0, 0, 0, 0, 0, 0, 0, 0, 0, 0, 0, 0, 0, 0],
        [1, 1, 1, 1, 1, 1, 1, 1, 1, 1, 1, 1, 1, 1, 1, 0, 0, 0, 0, 0, 0, 0, 0, 0,
         0, 0, 0, 0, 0, 0, 0, 0, 0, 0, 0, 0, 0, 0, 0, 0, 0, 0, 0, 0, 0, 0, 0, 0,
         0, 0, 0, 0, 0, 0, 0, 0, 0, 0, 0, 0, 0, 0, 0, 0]]), [{'victim': {'text': ['opponents'], 'span_s': [35], 'span_e': [36]}, 'place': {'text': ['Iraq'], 'span_s': [30], 'span_e': [31]}}, {'place': {'text': ['French port city of Marseille'], 'span_s': [80], 'span_e': [86]}, 'instrument': {'text': ['bottles , chairs and other objects'], 'span_s': [47], 'span_e': [53]}, 'attacker': {'text': ['Fans'], 'span_s': [67], 'span_e': [68]}, 'target': {'text': ['Fans'], 'span_s': [67], 'span_e': [68]}}, {'voter': {'text': [], 'span_s': [], 'span_e': []}, 'place': {'text': [], 'span_s': [], 'span_e': []}, 'candidate': {'text': [], 'span_s': [], 'span_e': []}}, {'place': {'text': [], 'span_s': [], 'span_e': []}, 'recipient': {'text': [], 'span_s': [], 'span_e': []}, 'yielder': {'text': ['Japan'], 'span_s': [56], 'span_e': [57]}}], [[[1, 2], [2, 3], [3, 4], [4, 5], [5, 6], [6, 7], [7, 8], [8, 9], [9, 10], [10, 11], [11, 12], [12, 13], [13, 14], [14, 15], [15, 16], [16, 17], [17, 18], [18, 19], [19, 20], [20, 21], [21, 22], [22, 23], [23, 24], [24, 25], [25, 26], [26, 27], [27, 28], [28, 30], [30, 31], [31, 32], [32, 33], [33, 34], [34, 35], [35, 36], [36, 37], [37, 38], [38, 39], [39, 40], [40, 41], [41, 42], [44, 46], [48, 49], [49, 50], [50, 51], [51, 52], [52, 53], [53, 54], [54, 55], [55, 57], [57, 58], [58, 59], [59, 60], [60, 61], [61, 62], [62, 63], [63, 64], [64, 65], [65, 66], [66, 67], [67, 68], [68, 69], [69, 70], [70, 71], [71, 72], [72, 73], [73, 74], [74, 75], [75, 76], [76, 77], [77, 78], [78, 79], [79, 81], [81, 82], [82, 83], [83, 84], [84, 85], [85, 86], [86, 87], [87, 88]], [[1, 2], [2, 3], [3, 4], [4, 5], [5, 6], [6, 7], [7, 8], [8, 9], [9, 10], [10, 11], [11, 12], [12, 13], [13, 14], [14, 15], [15, 16], [16, 17], [17, 18], [18, 19], [19, 20], [20, 21], [21, 22], [22, 23], [23, 24], [24, 25], [25, 26], [26, 27], [27, 28], [28, 29], [29, 30], [30, 31], [31, 32], [32, 33], [33, 34], [34, 35], [35, 37], [37, 38], [38, 39], [39, 40], [40, 41], [41, 42], [42, 43], [43, 44], [44, 45], [45, 47], [47, 48], [48, 49], [49, 50], [50, 51], [51, 52], [52, 53], [53, 54], [54, 55], [55, 56], [56, 57], [57, 58], [58, 59], [59, 60], [60, 61], [61, 62], [62, 63], [63, 64], [64, 65], [65, 66], [66, 67], [67, 68], [70, 72], [74, 75], [75, 76], [76, 77], [77, 78], [78, 79], [79, 80], [80, 81], [81, 82], [82, 83], [83, 84], [84, 86], [86, 87], [87, 88], [88, 89], [89, 91], [91, 92], [92, 93], [93, 94], [94, 95], [95, 96], [96, 97], [97, 99], [99, 100], [100, 101], [101, 102], [102, 103], [103, 104], [104, 105], [105, 106], [106, 107], [107, 108], [108, 109], [109, 110], [110, 111], [111, 112], [112, 113], [113, 114], [114, 115], [115, 116], [116, 117], [117, 118], [118, 119], [119, 120], [120, 121], [121, 122], [122, 123], [123, 124], [124, 125], [125, 126], [126, 127], [127, 128], [128, 129], [129, 130], [130, 131], [131, 132], [132, 133], [133, 134], [134, 135], [135, 136], [136, 137], [137, 138], [138, 139], [139, 140], [140, 141], [141, 142], [142, 143], [143, 144], [144, 145], [145, 146], [146, 147]], [[1, 2], [2, 3], [3, 4], [4, 5], [5, 6], [6, 7], [7, 8], [8, 9], [9, 10], [10, 11], [11, 14], [14, 15], [15, 16], [16, 17], [17, 18], [18, 19], [19, 20], [20, 21], [21, 22], [22, 23], [23, 24], [24, 25], [25, 26], [26, 27], [27, 28], [28, 29], [29, 30], [30, 31], [31, 32], [32, 33], [33, 34], [34, 35], [35, 36], [36, 37], [37, 38], [38, 39], [39, 40], [40, 41], [41, 42], [42, 43], [43, 44], [44, 45], [45, 46], [46, 47], [47, 48], [48, 49], [49, 50], [50, 51], [51, 52], [52, 53], [53, 54], [54, 55], [55, 56], [56, 57], [57, 59], [59, 60], [60, 61], [61, 62], [62, 64], [64, 65], [65, 68], [68, 69], [69, 70], [70, 71], [71, 72], [72, 73], [73, 74], [74, 75], [75, 76], [76, 78], [78, 79], [79, 80], [80, 81], [81, 82], [82, 83], [83, 84], [84, 85], [85, 86], [86, 87], [87, 88], [88, 89], [89, 90], [90, 91], [91, 92], [92, 93], [93, 94], [94, 95], [95, 96], [96, 97], [97, 98], [98, 101], [101, 103], [103, 104], [104, 106], [106, 107], [107, 108], [108, 109], [109, 110], [110, 111], [111, 112], [112, 113], [113, 114], [114, 115], [117, 118], [118, 119], [121, 122], [122, 124], [124, 125], [125, 126], [126, 127], [127, 128], [128, 129], [129, 130], [130, 131], [131, 132], [132, 133], [133, 134], [134, 135], [135, 136], [136, 137], [137, 138], [138, 139], [139, 140], [140, 141], [141, 142], [142, 143], [143, 145], [145, 146], [146, 147], [147, 148], [148, 149], [149, 150], [150, 151], [151, 152], [152, 153], [153, 154], [154, 155], [155, 156], [156, 157], [157, 158], [158, 159], [159, 160], [160, 161], [161, 162], [162, 163], [163, 164], [164, 165], [165, 166], [166, 167], [167, 168], [168, 169], [169, 170]], [[1, 2], [2, 3], [3, 6], [6, 7], [7, 10], [10, 11], [11, 12], [12, 13], [13, 14], [14, 16], [16, 17], [17, 18], [18, 19], [19, 20], [20, 21], [21, 22], [22, 23], [23, 24], [24, 25], [25, 26], [26, 27], [27, 28], [28, 29], [29, 30], [30, 31], [31, 32], [32, 33], [33, 36], [36, 38], [38, 39], [39, 40], [40, 41], [41, 42], [42, 43], [43, 44], [44, 45], [45, 46], [46, 47], [47, 50], [50, 51], [51, 52], [52, 53], [53, 54], [54, 55], [55, 56], [56, 57], [57, 58], [60, 61], [63, 64], [64, 65], [65, 66], [66, 67], [67, 68], [68, 69], [69, 70], [70, 71], [71, 72], [72, 73], [73, 74], [74, 75], [75, 76], [76, 77], [77, 80], [80, 81], [81, 82], [82, 83], [83, 84], [84, 85], [85, 86], [86, 87], [87, 88], [88, 90], [90, 91], [91, 92], [92, 93], [93, 94], [94, 95], [95, 96], [96, 97], [97, 98], [98, 99], [99, 100], [100, 101], [101, 102], [102, 103], [103, 104], [104, 105], [105, 106], [106, 107], [107, 108]]], [{'victim': {'tok_s': [5], 'tok_e': [6]}, 'place': {'tok_s': [8], 'tok_e': [9]}}, {'place': {'tok_s': [11], 'tok_e': [12]}, 'instrument': {'tok_s': [9], 'tok_e': [10]}, 'attacker': {'tok_s': [5], 'tok_e': [6]}, 'target': {'tok_s': [7], 'tok_e': [8]}}, {'voter': {'tok_s': [5], 'tok_e': [6]}, 'place': {'tok_s': [9], 'tok_e': [10]}, 'candidate': {'tok_s': [7], 'tok_e': [8]}}, {'place': {'tok_s': [11], 'tok_e': [12]}, 'recipient': {'tok_s': [9], 'tok_e': [10]}, 'yielder': {'tok_s': [5], 'tok_e': [7]}}], [['victim', 'place'], ['place', 'instrument', 'attacker', 'target'], ['voter', 'place', 'candidate'], ['place', 'recipient', 'yielder']], ['nw_RC00e90a0209cf7c63e3faf5008f034002ef61cea93a159a31aa33e18e', 'nw_RC010f29c9438b939daa050b70d8127eb5b2b3cb9279137789b4319d1c', 'nw_RC013008ad72d04b5e4cca4706cad5cc71c88b0df4615bd597df0e3cf0', 'nw_RC0136ad4663cedfb31bbf25548fc42bf20b1bb67c88282bdc2ff45f47'], tensor([0, 1, 2, 3]), None, None, None, None)